0.12224777318612005,0.13293369468609173,0.133805684248896,0.13281150982603102,0.14512122247921058,0.06469225876606709,0.13276768612413128,0.13562017068345222
0.1141573434566165,0.11894208065384006,0.13310689671301307,0.13343703026678255,0.13111421313260682,0.10285308190502217,0.13347814492646082,0.13291120894565817
0.11732788986920349,0.12063123474856892,0.13135006456464277,0.13140150344261625,0.13386740795810767,0.10192793553809623,0.1314509621175983,0.13204300176116646
0.11365623804310651,0.11826457515628942,0.1333384856500662,0.13372977488962964,0.1322750136324849,0.10145181990361682,0.13381266973838665,0.13347142298641995
0.07833261751814823,0.09493555517091716,0.15749699280432136,0.15926724957022484,0.14911796863659468,0.044119799856185304,0.15959593277481388,0.15713388366879458
0.11691075330084363,0.12063255376706342,0.1318475359271568,0.13185737538203596,0.13441415225685108,0.09994462492594394,0.13189216633705095,0.13250083810305419
0.08738737544748537,0.09810849850804239,0.1490569960542507,0.15026077648724717,0.1534054254021129,0.059698430498766365,0.1506387363847415,0.15144376121735348
0.11775641369124037,0.12108585077158959,0.13111667734519727,0.13113026245720666,0.13314181409968928,0.10297810472956814,0.13115652612626957,0.13163435077923885
0.11146423388711876,0.11709061170396659,0.13507429343683253,0.13533871528190347,0.13459021909408292,0.0958777229402293,0.135377001516742,0.13518720213912436
0.11418567104637406,0.11868158938745092,0.13294211788410779,0.13327916058142017,0.13158463624874447,0.10306326283321715,0.1333361039359742,0.13292745808271134
0.0975578808377164,0.1069989841022575,0.1439676034189401,0.14497320052129212,0.1427754407621737,0.07379120774719539,0.14521594244063843,0.1447197401697863
0.09951624353596167,0.1087990886304088,0.14298030515719998,0.14389760613570274,0.1405766662151323,0.07683625324708056,0.14408989182426804,0.1433039452542461
0.11990144762637389,0.12293403284911958,0.12983616047976437,0.1297603887178326,0.13062586950947827,0.10727800637866004,0.1297353817633597,0.12992871267541134
0.08293902004020733,0.09502423009131794,0.15233299320428925,0.154000502821229,0.1519131750815735,0.05538081083088493,0.15442552188687933,0.1539837460436188
0.11177956843942041,0.11778964097871102,0.13512895271205147,0.13560980742045453,0.1324516350644852,0.09662459524638659,0.13568786691939583,0.1349279332190949
0.1087393640585757,0.11586258667277678,0.137692250331867,0.13774049301316654,0.14356063504491176,0.0793373009202874,0.13784158599135027,0.1392257839670645
0.1011760959326542,0.10972106080304636,0.14168900730791983,0.14246924465616093,0.1398557397992355,0.08046425126959313,0.1426249178800576,0.14199968235133265
0.42890868377259916,0.25551754333673626,0.044583583483942445,0.043382856987580515,0.0447786328119006,0.09627800456847807,0.0431099142135548,0.043440780825207956
0.0649995106445681,0.0794062932421715,0.1594152993382967,0.16110660058506304,0.17514088972904618,0.03293736363313658,0.16180795287684202,0.16518608995087583
0.10956493768412298,0.11589584247922723,0.13642096225353798,0.1369820144249516,0.13468823558013618,0.09278447416455146,0.13710086756799136,0.13656266584548113
0.11524976545982886,0.1352001438092782,0.13804418007252975,0.13665500946706927,0.15206307945727404,0.04600128813020196,0.13659989167530362,0.14018664192851418
0.10993139223421917,0.11647290188247766,0.136274796143266,0.13676263707031977,0.1334345930760754,0.09427684693709709,0.13682919641046834,0.13601763624607663
0.11885435577289968,0.12231227312338544,0.1309767426438502,0.13087183629262247,0.13379209902651476,0.10074456309093553,0.13087918102087723,0.13156894902891464
0.11904116391874667,0.12149252486505102,0.12985314350198301,0.12992133156470154,0.1315922078157997,0.1077665881804159,0.12996458690996265,0.13036845324333945
0.08244015432551084,0.09555215255274611,0.15352153069324911,0.15492193751872305,0.14996706748566158,0.05446511659319257,0.15517192344709432,0.15396011738382231
0.11083057594096611,0.11662391350312591,0.1353605641460827,0.1357717673667598,0.1336482612839119,0.09661244290266054,0.13583496038541373,0.13531751447107926
0.05305131013021315,0.07186224649827905,0.16918694570178763,0.1695386238385703,0.17447647565753013,0.021586360437808667,0.16955335326932558,0.1707446844664854
0.10395001957104119,0.11186014019053225,0.14004480055194296,0.14080168640216928,0.13842660882828803,0.08352492823758634,0.14097175619612048,0.14042006002231944
0.11525363514361081,0.1210635377819649,0.13405053016104546,0.1338849905632767,0.13646579262323127,0.09097228877831856,0.13385549242618314,0.13445373252236906
0.11528259634040759,0.12064126576017274,0.1340563855787896,0.13393186104041577,0.13984251866121933,0.0868550100656807,0.13399385151466306,0.13539651103865138
0.11640157597767233,0.12049814994209765,0.1320428396552208,0.13208241460969425,0.13284087023948443,0.10178999383557485,0.1320865803735836,0.13225757536667213
0.06224238138592577,0.09807533961717203,0.15980209104673393,0.15604410822074888,0.1899686022905728,0.014986004467121252,0.15568689881386577,0.16319457415785968
0.11458921489258805,0.11927502379526704,0.13288991266841352,0.13325935333909136,0.13083543282639676,0.10309968003756381,0.13331747960575058,0.13273390283492875
0.11291844329039642,0.1348921215621999,0.13978245395338187,0.1377376107402657,0.15136896554388063,0.04545337165175508,0.13738118879510758,0.1404658444630129
0.1057929588271394,0.11740263365897406,0.14153616381358075,0.1420562365221207,0.13347882573312725,0.07782292409395249,0.14203062009830283,0.13987963725280245
0.05857241132514703,0.08641322999504347,0.16435745744370928,0.16123956065161915,0.18534458647179722,0.017334094118510713,0.16068902976007576,0.16604963023409744
0.11489737530692035,0.11910243089744978,0.13241769741336962,0.13272332953544422,0.13120709034434222,0.10446983771526025,0.13277424207959823,0.13240799670761547
0.0878597168959271,0.09972629410984417,0.14877465501246573,0.1495016904639038,0.15901381290565775,0.05310621308587262,0.14986476440076663,0.15215285312556223
0.11369438958558105,0.17097606067647703,0.13784780339406436,0.13440009532533326,0.14731313452762432,0.024906543583571725,0.1338530521307456,0.1370089207766027
0.04086175791166533,0.08609488107338581,0.18337373292696954,0.1761334014468123,0.16042954257660932,0.007669030744483727,0.1743211381513405,0.1711165151687334
0.11501272889439258,0.11998558343728138,0.13313347400446085,0.1332043480051553,0.13277109410848803,0.09963331961994766,0.13319067826766387,0.1330687736626104
0.03540773785269701,0.04775551453804744,0.17173897141231018,0.17653655636945517,0.1930102011170275,0.015158537268470652,0.17812506709825676,0.18226741434373528
0.12741414426168407,0.13701268277992612,0.13150790449078853,0.13046213572700566,0.14227466036874792,0.06777713201733256,0.13040324195647668,0.1331480983980384
0.11052242390148738,0.11839317027760418,0.1369421628135569,0.13743125097784165,0.13194734538352831,0.09118551004076167,0.1374642425444776,0.13611389406074217
0.11226924185052858,0.11848944504533748,0.13496285089481497,0.1353830404221309,0.13145260957919946,0.0975630361746619,0.13542178107410094,0.1344579949592257
0.09307489355568498,0.1078979987479337,0.14728717881420647,0.14688705651826608,0.15949856658405925,0.04852324922017718,0.14695711654810442,0.14987394001156792
0.10610356547949133,0.11489758937725647,0.13957129416773398,0.14013889534307689,0.1348035430864196,0.08544125706892298,0.14018252756109503,0.13886132791600375
0.10787033769122029,0.11774550726721358,0.13946869838125125,0.13910869280923055,0.14754477642774166,0.06803021634264496,0.13913115119829117,0.14110061988240657
0.10199462900897303,0.11071619268167021,0.141501762798801,0.1423511907917003,0.1396139204496412,0.07936371789867884,0.14254554161302035,0.141913044757515
0.12103533456663537,0.12581334699448404,0.1313558935475018,0.13093150747573362,0.1353247551481556,0.09277931058739373,0.13086828042578452,0.1318915712543113
0.12974624518319636,0.1348589556231495,0.128603211895512,0.12769742268091447,0.13390642503969016,0.08868380121678231,0.127535321751016,0.12896861660973932
0.11042649574287056,0.11677475109234763,0.13590825504392598,0.13637240075352494,0.13315305396469584,0.09528378094768666,0.1364336017124562,0.1356476607424923
0.10729581484778174,0.11577938188368818,0.13898359375303798,0.13908327712713062,0.1388018157059966,0.0820216042897032,0.13906334505033632,0.13897116734232545
0.10646940429356447,0.11388970250578159,0.13848173653074483,0.13898314600460077,0.13637501957656048,0.0883351168127503,0.13905353223369304,0.1384123420423044
0.3255949551685238,0.22809454245095334,0.05977995488389308,0.05853627983616183,0.05898604568796844,0.15238904819901108,0.05824834019233826,0.0583708335811503
0.09630894123167962,0.10617583585812904,0.14483071118585816,0.145878732656534,0.1429108664222002,0.07235860597288789,0.14611397467794737,0.14542233199476368
0.103764169991255,0.11245466122854063,0.14060440823492656,0.14130948424835765,0.13696469760883248,0.08313231549073137,0.14141528758764368,0.14035497560971266
0.0935992323832134,0.10826823063559357,0.14916071383508944,0.1501735497983199,0.14020284705722763,0.06053406374154902,0.15027070574786244,0.14779065680114464
0.10903748468292408,0.11565034261487968,0.13699601385402374,0.13719930573218028,0.13823081928257291,0.08815473853448876,0.13724620640767407,0.13748508889125644
0.06644387327695597,0.08013262660480532,0.1593718313322858,0.16157951199674161,0.16954460087225398,0.03620231609667126,0.16234580275505925,0.16437943706522662
0.08620769180468944,0.1010181974637841,0.14981681586636444,0.15005282798015768,0.16494119542775448,0.04367831323711735,0.15039001493270063,0.153894943287432
0.10411792478597026,0.11217541655333256,0.1401047300645168,0.14087423710865055,0.13854562486471583,0.08260462949276702,0.14105512394140018,0.14052231318864672
0.0636431854429346,0.09130595453650218,0.1594727625740605,0.15687933548938313,0.189472485229726,0.018741151833774793,0.1566879378264081,0.16379718706721053
0.09935965302696881,0.10922835802952544,0.14346077333115229,0.14438859773093762,0.139934222524884,0.07556989550171775,0.14456401013053005,0.14349448972428414
0.10460785301759638,0.11286293328653901,0.13993272743812032,0.14063420841969945,0.13676732807353645,0.08462522507690347,0.14075274618500602,0.13981697850259903
0.09861201035671793,0.1079414301194404,0.14339376522137612,0.14421403243592001,0.14136833033642174,0.07642386478817323,0.1443675487726004,0.14367901796935012
0.3332329051429539,0.24855027904036497,0.06163185898057734,0.05998842927558389,0.061712775765421064,0.11532307820554186,0.05958763920847367,0.05997303438108329
0.05413086992553638,0.07249841906676395,0.17200464770192772,0.17392869233132602,0.15868255464324807,0.024606563243343395,0.1740234697902482,0.17012478329760622
0.05568396751023294,0.07642350430806827,0.16235093750017227,0.16166142453065593,0.19367113341328182,0.019170154848295907,0.1619727711695101,0.16906610671978267
0.2746429687890764,0.2797778728754782,0.07868705496176233,0.07630816426453474,0.0817746980009021,0.055965429854628664,0.07579494756761185,0.0770488636860058
0.09764180591080371,0.11369431123673851,0.14763133393567432,0.14843057827837547,0.13963122199707917,0.058028135567012445,0.1485351213474324,0.1464074917268839
0.055148987288624524,0.15359807563087075,0.16768968498014894,0.15428159997125335,0.15835451744928863,0.007632664665855554,0.15104302598760413,0.15225144402635424
0.24754040950134934,0.2068382612133878,0.07093498532957983,0.06964391440106323,0.064986981430172,0.20280811164931317,0.06921854629590886,0.06802879017922589
0.08357440058140134,0.09828556713921653,0.15392529901895022,0.15551996618646308,0.14737835442031297,0.051628175051262104,0.1558263738442277,0.15386186375816618
0.050228388310713426,0.06943493539852194,0.16976720836104792,0.17219813111351726,0.17274945001672384,0.018959603762062523,0.1730511545629551,0.17361112847445795
0.1019989594215786,0.11169489231823504,0.14198159181685668,0.14206183340865317,0.14693089266382742,0.06991897624348406,0.14213214292152793,0.14328071120583705
0.07182385939952955,0.11054363626705174,0.15579667016891594,0.15217442255792285,0.1820027228832926,0.017392960665945385,0.15179575036879403,0.15846997768854792
0.5688124518687911,0.3688312527736741,0.010662737393863725,0.010253036880537332,0.01021438617864063,0.010939004770050323,0.010148794324884136,0.010138335809558656
0.16338986554578067,0.2939218565260633,0.1053116742668175,0.10095535116457538,0.11160004874873071,0.022210676708897363,0.10006956120640374,0.10254096583273144
0.10371576719042853,0.11139079596739596,0.14003310974934285,0.14079170520163914,0.13987675221961826,0.08238731463254488,0.14099433339098652,0.14081022164804397
0.07140167112749699,0.0853704801412686,0.15676532789232595,0.15804435677713582,0.17001090664205523,0.038392687666776615,0.15857552996112978,0.16143903979181076
0.09812219224672347,0.10926942955669947,0.14486448099699684,0.14586913078071564,0.14110210057148975,0.06973045633626447,0.1460816490820317,0.14496056042907854
0.10456338175709522,0.11352100077954334,0.1404963546977698,0.14066580534194303,0.14130135632609617,0.07795597441279893,0.1406811154687586,0.14081501121599485
0.09544456396136672,0.10509001512337297,0.14503991466429247,0.1461046819900994,0.1444298745733332,0.07152526587641879,0.14636757648047458,0.14599810733064186
0.11988633605894271,0.12888984250959376,0.13389785976493893,0.1341046284294811,0.1283174968070718,0.08810002843299228,0.13409635626667893,0.13270745173030044
0.1105186638058768,0.11659331910682152,0.13618979996574088,0.13629799166597162,0.13986532597339443,0.08693990122416709,0.1363721872879073,0.13722281097012032
0.10316037210626611,0.11080400947798115,0.14028235518759827,0.14103068696894352,0.14143251762728726,0.0806364226287904,0.14125634743784438,0.14139728856528894
0.09357062423778079,0.10422382652672275,0.1464879597308896,0.1476608162552944,0.14668047361817216,0.06556172505233504,0.1479903203740059,0.14782425420479947
0.33324533140688267,0.22427353830367702,0.05021643713004948,0.04898697849701174,0.0473934229117986,0.19903405111558986,0.04863169677612994,0.04821854385886069
0.09302982886603119,0.13464116737544493,0.1467643994532848,0.1430045464737192,0.16863916048991556,0.023358598152927318,0.14245228123922596,0.14811001794945117
0.1105462927451377,0.11674623726562583,0.13585855074136588,0.1363859871595762,0.13366743535858067,0.09446850153193696,0.1364867307050155,0.13584026449276138
0.2940364590523916,0.1710564881866714,0.03627209187655319,0.03548347468514382,0.03382361818267523,0.3592464816853834,0.035250763284675635,0.034830623046505534
0.20597637634210028,0.10541708695203808,0.021769838901817457,0.021306146378764577,0.020547106926327895,0.5828256938154524,0.021174528548472273,0.02098322213502703
0.10935028815770137,0.11672696235856389,0.13732274112350784,0.13792428717274038,0.13458575760943206,0.08878423446521852,0.13804581645130945,0.1372599126615266
0.09877349672788133,0.10855503846332412,0.14365277769046786,0.14454320977153837,0.1402394398370236,0.07588387828249056,0.14469839829177716,0.14365376093549687
0.5813504794063727,0.14941690847469577,0.016730073495748548,0.016286310533246227,0.015916958153831352,0.18805698361837642,0.01616761403345968,0.01607467228426928
0.1115322431214539,0.11958987543936982,0.13655810307510463,0.1369622920466494,0.13089951646703446,0.09205675953203345,0.1369541888808041,0.1354470214375504
0.08744930429533798,0.09894158312155603,0.14894035152052343,0.14979812156382213,0.15795230269488397,0.054600017727972135,0.1501707803055171,0.1521475387703874
0.09130096368258139,0.10990084699390652,0.15092721479242577,0.15028192110792177,0.15056698099520954,0.04697249933620939,0.15001477059278084,0.15003480249896486
0.07176229139453559,0.0847684204769769,0.15726847767598323,0.15904024446224324,0.16409336136899869,0.04263607137770232,0.15958074748844753,0.1608503857551125
0.08034208925385009,0.10029581047633457,0.1543353870003565,0.15483503804026985,0.16324323315947045,0.034261175644566565,0.15523732179485158,0.15744994463030035
0.2643040448899477,0.2602923083202451,0.08282600157108094,0.08084303107700891,0.08429707623058029,0.06570886445789872,0.08043712720443255,0.08129154624880557
0.10562414845744099,0.11320535179186751,0.13917166438488882,0.13988363994181166,0.13866074683981608,0.0835561499127986,0.1400757732002697,0.13982252547110668
0.09824171880959562,0.1119999403417378,0.14486383230928226,0.14439246580461543,0.1555286073099444,0.053556252613500374,0.1444189031271282,0.14699827968419596
0.11493799608440645,0.12096294888483937,0.13411367876411115,0.13401145390149416,0.13451877856911912,0.09344072680866662,0.13395840544450932,0.1340560115428539
0.10010764414628553,0.10920573414924,0.14256601263358312,0.1434111432613808,0.13998811857636562,0.07840061268611181,0.14357201349239518,0.14274872105463782
0.0906251780600544,0.10239094465105854,0.14872295900457,0.15004212992005617,0.1454818723830344,0.06314853452200173,0.15033041548376996,0.1492579659754547
0.11280862807726065,0.11874719947003119,0.13463557643911622,0.13481793499430747,0.13287844583893196,0.09698906577635394,0.13480665380810267,0.13431649559589584
0.12798745085262064,0.12997840888839543,0.12629508249132287,0.12582096779128596,0.12744126910899892,0.11072914549355983,0.12569404850835822,0.12605362686545812
0.08688032069682015,0.10060714365760381,0.1518996767900052,0.15301626308419092,0.14559615674437346,0.057573346957182,0.15314025001663625,0.15128684205318804
0.10984781360085795,0.11693022306698858,0.13666373995069153,0.13712818648339187,0.13294899154144407,0.09317334739493656,0.13716865594629607,0.13613904201539334
0.06234428211698443,0.07608545822232063,0.1614583875900461,0.1640447925462636,0.1710036543598676,0.03345028480856385,0.16489784211184152,0.16671529824411221
0.08463423560214274,0.10116915340872247,0.15143107333981687,0.15201831297871066,0.16247562289272272,0.04077542017510928,0.15244087053593414,0.1550553110668411
0.09278617613834644,0.10265238838197004,0.146062151533082,0.14692466644067537,0.15145864776708617,0.06452910373898754,0.14723280440012987,0.14835406159972261
0.10555170955776526,0.11248173021128521,0.13882213753845984,0.13921691949309278,0.14325423775765891,0.08090479885155244,0.1393917498095117,0.14037671678067404
0.10793426321128016,0.11572583903679345,0.13810826173956486,0.13840998959676498,0.13579947096552092,0.08785234485369267,0.13841312788104237,0.13775670271534066
0.29190646172830764,0.30894477710511303,0.07103550743598205,0.06866990669246464,0.07196034304748454,0.050511686109861946,0.06811148936335724,0.06885982851742894
0.11172559632522182,0.11744671176821511,0.13499395240913387,0.13548043383764669,0.13301706710340627,0.09677105263313213,0.1355747475755752,0.13499043834766902
0.0952716184921237,0.10623565549552967,0.1460882675776816,0.1470972715057906,0.14177588950223452,0.07030855252781773,0.1472618840446837,0.14596086085413842
0.10704471899938897,0.11585202557797951,0.13914325065824878,0.13968105324208596,0.13400412265907125,0.08625988868215126,0.13971152001518775,0.1383034201658865
0.09439046000222183,0.10433237500460936,0.14557377201989175,0.14664232316945333,0.14801369717859833,0.066684494603585,0.1469812344115624,0.14738164361007788
0.1658803354163184,0.37461183808335285,0.09058445109846047,0.08650603129630276,0.09192779642017938,0.017889477101186598,0.08562750255839595,0.0869725680258035
0.11162148902011951,0.12002810568170762,0.13695574607634028,0.13745762832024574,0.13190486413677655,0.08835799563456277,0.13751118498751105,0.13616298614273653
0.08982828874622428,0.10311829561215312,0.1501663448821181,0.15108195124987125,0.14445516692257776,0.060685537180330054,0.15116164359945664,0.14950277180726873
0.10260459211301277,0.70925842192426,0.038395020223349514,0.03618296663176625,0.03549692517364092,0.006959386821374038,0.03562400631868244,0.03547868079391384
0.11108995795515887,0.11655271944221242,0.13519886508715348,0.1356950773891024,0.13462368056572357,0.09543624886689869,0.135819922243898,0.13558352844985255
0.08887260554104402,0.13641803639485733,0.15747299716609153,0.1539509636807832,0.13660320307028004,0.02608710255792029,0.15256097764330154,0.14803411394572216
0.05998645356643347,0.07646793405678194,0.1622208247814941,0.1641740819383954,0.1772242495516222,0.026581351332549383,0.16502146711833163,0.16832363765439182
0.10638809794830706,0.11434568421454085,0.13886852560341134,0.1394119712311559,0.13543905698294734,0.08758239799042734,0.13947183324170143,0.13849243278750883
0.10912412970056876,0.14356911610235173,0.14185071222246648,0.1386573583050588,0.15366868248359072,0.03373689623813724,0.13801257213442458,0.14138053281340165
0.05387514493522538,0.06911109213052527,0.16848331153907925,0.17216384897492834,0.16501949793565568,0.026745365283800435,0.17308941705397582,0.17151232214680984
0.6342153689686372,0.1457694992922434,0.015545922915485661,0.01512709890590406,0.014908169065295223,0.1444530084292533,0.015018036919100941,0.014962895504080283
0.10590843155138702,0.11412164000195803,0.139448369224134,0.13960277179430824,0.14116695709851257,0.08011881425361066,0.1396359455062543,0.13999707056983515
0.08720234451580819,0.10006333655995603,0.15104269587858957,0.15205136435870387,0.14769304784404264,0.05863638126309847,0.15219547810330966,0.15111535147649158
0.3130074012272876,0.5583641684356299,0.023787175688844312,0.022799671611547907,0.02336972149257273,0.013403780015830381,0.022564816043576144,0.022703265484711
0.03947841187062748,0.05634598983800671,0.18014075338137245,0.1845587621189151,0.15960069527699958,0.015634842329387735,0.18530934456439632,0.17893120062029463
0.08780098795137548,0.09911128924419914,0.14915686032712272,0.15044849474367106,0.15336911093416028,0.057560376622983564,0.15088074013429406,0.15167214004219365
0.11621636180497823,0.12742323369879868,0.13661698092714503,0.13567473270943575,0.14289675453584946,0.06850289427269926,0.13550317953675123,0.13716586251434232
0.0690716020546813,0.08211962425363936,0.1588595603181193,0.16117614873039085,0.1633369976037541,0.041119636125360126,0.16184600766839158,0.1624704232456634
0.09870372037841418,0.10847638701447579,0.14367661469980056,0.14456013817890592,0.14031358887827916,0.07587544877383232,0.1447129337547758,0.1436811683215163
0.48646535394971474,0.19378457383944592,0.027917334487512303,0.027162941144717744,0.027154663977199688,0.18358865883164038,0.026968506814161502,0.02695796695560758
0.07439377093606542,0.08752007174884664,0.15536891853653587,0.15683518682509395,0.1663033201730008,0.04247639541267648,0.15739471173404623,0.15970762463373464
0.10727440736836598,0.11473905290025867,0.13816617691204147,0.13877672564414925,0.13512753926140456,0.08904810124251279,0.13887567718374966,0.13799231948751756
0.1160838344138684,0.13839805456139745,0.13770292199858192,0.13584958083298718,0.15331737573989873,0.04331786478115026,0.135676115364029,0.13965425230808726
0.11588528588416849,0.11951892651434537,0.13207423842495916,0.13220545688564214,0.13413861227821963,0.10117441042791066,0.13226785663156287,0.1327352129531916
0.05982788949571339,0.08310991092255306,0.17187663521098379,0.17274131603041984,0.14917115804136502,0.02470625325981957,0.1723975053099127,0.16616933172923282
0.032717983819276604,0.05427190176026383,0.17270489913195525,0.1683397486283373,0.2177197543580184,0.008250014122396218,0.16782760179532458,0.17816809638442785
0.09716235427913647,0.1083215531698028,0.14505097400717729,0.14530997158401213,0.1470320360222859,0.06600933915831429,0.14535858337875343,0.14575518840051765
0.08193715578648236,0.10764570395554134,0.15926712311044208,0.15854237889789094,0.14432555225720195,0.03605583540006722,0.15795716778790436,0.1542690828044697
0.2582323189220975,0.3677549908588898,0.07004799894449369,0.06737565248905049,0.07223584413968202,0.029635962213848496,0.06679301248128255,0.06792421995065542
0.3433637469029852,0.24833942481897872,0.06041941349540471,0.05883402938831311,0.06141537390769753,0.11009091555069585,0.05847218528872882,0.059064910647196045
0.14211251140533837,0.1437453264531064,0.11866154369727573,0.1182427181461531,0.11116441530122875,0.1318529891370061,0.11800331412286309,0.11621718173702832
0.4790959910349515,0.339231585346999,0.02841724578578472,0.027511376154956677,0.025902894161759917,0.045747035444578324,0.027249829534180006,0.02684404253678993
0.10245600550368883,0.11255983326237554,0.14223564914009382,0.14307435814820157,0.1383269738479729,0.07599645788700024,0.14323866520410566,0.14211205700656146
0.07649102259205555,0.0908931388463154,0.15738855516837785,0.15927201956545398,0.15125512077945955,0.0474328815586984,0.15961558805099296,0.15765167343864628
0.14967680959020813,0.16313028216089134,0.12367662948707747,0.12164658381021705,0.13370429035201767,0.06279376760106045,0.12131337563638088,0.1240582613621469
0.20651234109638658,0.2278559817932342,0.1023576857189111,0.10022574155013939,0.10463458931190818,0.057661126758043926,0.09981923878860396,0.10093329498277274
0.07041520704561273,0.08451823285454849,0.15706418728351204,0.15841745122407536,0.17131433804328194,0.03718570838767852,0.1589974016480082,0.16208747351328273
0.31492411965671907,0.47534014342991016,0.038830146667098525,0.03724225644735393,0.03865274656585742,0.020943599840352902,0.03686779681287031,0.037199190579837844
0.10708937038285826,0.11452767143700004,0.1382162175327287,0.1386562876492612,0.13601830083078417,0.08873440243628802,0.1387055549009654,0.13805219483011424
0.3890600244789683,0.1279465198721888,0.017867458087463955,0.017422569151002938,0.017040508792000156,0.3961542196313498,0.017302808628122904,0.017205891358903155
0.09968364220261842,0.11043836383136746,0.14386553824182954,0.1444632796795212,0.13934990549609474,0.07448611119563955,0.14449591011869373,0.1432172492342353
0.03639299094673172,0.04889864603442851,0.17198037110371805,0.17649504447169098,0.19092315754574626,0.01582830975687467,0.17792827243339987,0.18155320770740993
0.08213449320340624,0.09672814273015357,0.15444873279794125,0.15540056438625166,0.1507481204587887,0.05069894992205042,0.15550201742180567,0.1543389790796026
0.056818316080584276,0.0705965303016396,0.1649786639526056,0.1677781588536398,0.17143242277032356,0.03031234588863201,0.16855413074158895,0.16952943141098628
0.10521246756859058,0.04630726969435164,0.009233653563780468,0.009033121960223824,0.00894325212903958,0.8033316963613758,0.008980957342419762,0.008957581380218363
0.05273606803504817,0.06624672828340913,0.1669788310431802,0.17056324185932004,0.17213790054083183,0.027691087422061073,0.17155543048536598,0.17209071233078335
0.041623698305050326,0.05634691888468916,0.17288897743218917,0.17750022982876312,0.17616799551625348,0.017677082567241306,0.1788631200414711,0.17893197742434247
0.10173062015532527,0.11327719229484946,0.14340802295599167,0.1438845319515627,0.13702300883131155,0.07470528919269585,0.14385027141250384,0.14212106320575948
0.10098890580178607,0.11140494281200099,0.1431007157292507,0.14399718071629478,0.13997657356603138,0.07306845414761896,0.14419776442539053,0.14326546280162653
0.06011878314363353,0.07531837087811762,0.1660258489211764,0.16861927885251735,0.16104248438086244,0.03249658582773596,0.16911299035510996,0.1672656576408466
0.04131976615158002,0.06574669023731788,0.18591517050341014,0.1861898377645307,0.14764589801361974,0.013110485328947128,0.1853331520348786,0.17473899996571554
0.07720021598521874,0.09063766613041907,0.1539536597446736,0.15520134549566839,0.16600936834145102,0.04287425094685794,0.15574532634719865,0.15837816700851273
0.016963719477522253,0.02955530508381174,0.18100893067976417,0.1764598886992365,0.22900785063057766,0.004274887761054938,0.17577057661728626,0.18695884105074645
0.12537268216079245,0.14226059188246978,0.13456954392874387,0.13365344781681648,0.12357187708256143,0.07684434765555347,0.1331661888296211,0.1305613206434415
0.07391734030818341,0.094193482755451,0.15728083928336617,0.15645138779989393,0.1710979332290286,0.030932082070887677,0.156385239411593,0.1597416951415962
0.11272659878596815,0.11978343265466053,0.13608378047434466,0.13585684800587242,0.1421841095552177,0.08010611277376362,0.1358856027625408,0.137373514987632
0.10086921458559937,0.11182096872480814,0.14345295357842563,0.14413594986365832,0.13738219855359496,0.07567227585497681,0.14417583883087762,0.14249060000805927
0.160718065409417,0.15323472776008015,0.11102654764449334,0.10981778422379385,0.11380003641366991,0.1313987023077771,0.10954782099914283,0.11045631524162595
0.07075029115865669,0.08367743915278765,0.158196766211663,0.1603886865592807,0.1615416618708242,0.043093210115771954,0.16099484671615494,0.16135709821486097
0.059561188598648715,0.0817500340412434,0.16067095583436306,0.15973028854048515,0.19130745857242323,0.01995221677974513,0.16000247643692336,0.16702538119616805
0.1493385453714018,0.25361292211654574,0.117086099408202,0.11216400897028694,0.11920734644496532,0.025013597494315132,0.11098611158710135,0.11259136860718182
0.043027221421895946,0.057943922456971234,0.17041836423952283,0.17259928725214424,0.18774041082808335,0.018004005332065427,0.17332294084936767,0.17694384761994916
0.00520926179033687,0.00948701333798978,0.19436342121278863,0.1924682939837448,0.20855894841591027,0.0013179494120252459,0.19150135928246076,0.19709375256474368
0.06673534977278617,0.09735085907013505,0.16304819006432275,0.16243987151907974,0.16432811624471136,0.020186263858495555,0.1625256535905363,0.1633856958799331
0.047902138416793735,0.06418400549981577,0.17447161236815464,0.1780795422584683,0.16033490212524307,0.02222916692313375,0.17865214716323483,0.17414648524515602
0.23827141254133924,0.33877016158330014,0.07955475253954478,0.07651289029185472,0.08237766212480346,0.03148311659976238,0.07584150970254622,0.07718849461684912
0.03526965564637091,0.06138192030508668,0.1745406000075463,0.16822462243570288,0.2094064660169671,0.008214641423348603,0.16708553385060587,0.17587656031437163
0.10897481137143233,0.11711341726722382,0.13804902506370412,0.13806800951446485,0.13819699816796233,0.08352411469735717,0.13803386983156463,0.13803975408629077
0.06514735716367755,0.07989854498309505,0.16315661446842872,0.1656161675774176,0.15844258622556026,0.03726550655428292,0.16610618787272247,0.16436703515481546
0.01520149916432664,0.023265660853816483,0.17236977114166882,0.17940216838343515,0.22910620950415572,0.004966763690958277,0.1821288961149669,0.19355903114667203
0.06597566946865895,0.08534262558027968,0.16611680156076922,0.1675175610555094,0.15167216273542533,0.0324622421390012,0.16749753986097324,0.1634153975993829
0.04975992576486582,0.06403007993112203,0.16942704004454617,0.1725799952209277,0.1727255060685602,0.024653565212872708,0.17334908383912256,0.17347480391798292
0.09512042655266181,0.10968795567743377,0.14618030638386031,0.14574183382569553,0.1591570087798892,0.04936019563145929,0.14582592570320593,0.14892634744579408
0.10964965931023696,0.11753507185978727,0.13775120964938084,0.13761634626573768,0.14216995510373281,0.07895438842580292,0.13762760697486745,0.13869576241045392
0.07108173398727678,0.08597816484473302,0.15888819048037278,0.16005658326849323,0.16327789849326335,0.03923566662696695,0.1603483072255026,0.1611334550733913
0.3330750520532651,0.2841466407155321,0.06394325023360899,0.06220479522317802,0.06507715997068074,0.0671978717949361,0.061832758557756023,0.06252247145104307
0.092560047349364,0.1058652386734304,0.14816459639606938,0.1492170463256213,0.14901543164009967,0.05597215737536126,0.1495653973183829,0.14964008492167102
0.04145523593751187,0.054933828769123255,0.17423969989337967,0.1791645022425989,0.17159249679129407,0.019667607352050684,0.18033046458374713,0.1786161644302945
0.049769453290225786,0.06359451900914184,0.1662407804954656,0.16943091255136336,0.1829141607883486,0.023601532151374584,0.17054490712345954,0.17390373459062064
0.048819231329586286,0.06252751893959929,0.16758741331480817,0.1713759337132899,0.17892537244358417,0.023546545783119023,0.17258505388958734,0.17463293058642587
0.08911521803838994,0.10514527538236311,0.15053439728857942,0.1514645959261232,0.15248875456778954,0.04718464636998421,0.15182682995270208,0.15224028247406857
0.04892929333703535,0.06395001415515747,0.1718003781992956,0.17596676307790135,0.16448706124666074,0.023796908147955355,0.1769019670602198,0.17416761477577433
0.11783334494822227,0.1312791185226987,0.13688905456167522,0.1361059554858583,0.1315670181056602,0.07600923852819091,0.1357466358443415,0.13456963400335273
0.512470236569529,0.15240524477512424,0.019429209488479413,0.018934793074709008,0.018653637970392486,0.24056493761911768,0.01880613032586527,0.01873581017678312
0.06327756188883135,0.07851765841693195,0.16036621776663387,0.1622572228738448,0.17578404410564002,0.030341889825232116,0.16305724114428846,0.16639816397859739
0.07141528445279074,0.08460097667628198,0.15843062877182146,0.1606857835704293,0.15878407753382406,0.04395763943156955,0.16125629175205408,0.160869317811229
0.06635481030224119,0.08756121371007108,0.16622516522487535,0.1666922673688181,0.15352650183521271,0.030157273700704573,0.1664317929452226,0.16305097491285436
0.0856219712074027,0.11158504793664245,0.15775511102432813,0.15798477960641918,0.1380718619094439,0.03886441917801221,0.15765249867498338,0.15246431046276795
0.16952029777385702,0.6518245248794216,0.035035277235505154,0.03338715099801021,0.03392881975284441,0.010155072742516686,0.03299850450487021,0.033150352112974554
0.08309916682746077,0.09511829562364718,0.1523031981313757,0.1539201016710475,0.1512819854281285,0.05625735341189849,0.15430732382226536,0.15371257508417657
0.0037593653955588697,0.0018818289777466305,0.00043689225782448434,0.0004280611946685701,0.00042079700951666343,0.992223559874637,0.00042568177486668597,0.0004238135151811114
0.10878107356835647,0.11624914963648862,0.1378823632268283,0.1378606019313558,0.1437918096394592,0.07815142913577783,0.13793967399724064,0.1393438988644931
0.09446783106506505,0.10484647185938728,0.14539238693591075,0.14608790252724102,0.15333775654324983,0.06124809807688834,0.14642097632822954,0.14819857666402825
0.0856260331807492,0.09747842823906441,0.15109795971306883,0.1525214329183373,0.14912171262385499,0.05929943839185558,0.15282939321947747,0.15202560171359228
0.10070798901637454,0.11117824541063932,0.14323207291324366,0.14404431102596793,0.13786885142489,0.07619511349186987,0.14414660981513802,0.1426268069018767
0.09506253385244379,0.10760744238492291,0.14721865081430816,0.14798972461188514,0.14088191738349196,0.06696076938651452,0.14803079643667785,0.14624816512975566
0.08859121014429402,0.10006970977331181,0.1494858221755243,0.15074580774253293,0.1471531074644661,0.06280870764367191,0.15100312482656225,0.1501425102296366
0.30988005736491864,0.1367166524258456,0.024116053497250715,0.023531485254618924,0.023148222121544465,0.43596217414453015,0.02337326237645777,0.023272092814833792
0.06253983172717226,0.07730704225966456,0.16332248787295567,0.16528927282383407,0.1661161931932099,0.03368115478635965,0.16575349892071162,0.1659905184160922
0.390102395304587,0.12765674826673207,0.018525265620548785,0.018062997927299502,0.017906428025571217,0.39190166473029603,0.017943074640424637,0.017901425484540805
0.057115227583846934,0.07269836165953729,0.1679538352315888,0.17128016490965406,0.1601076131739811,0.029584813457035734,0.1719814222477749,0.1692785617365813
0.045264823763913775,0.06228776349741212,0.1733989708156685,0.1748258776298175,0.1754735577004884,0.018471925624665052,0.1750373914396879,0.17523968952834681
0.09783904346536842,0.10755794012953696,0.1440378395551347,0.1450529527407086,0.1426997663858589,0.0727287166510524,0.14530432245429223,0.1447794186180478
0.15304460669599712,0.1639238638135197,0.12179433387714687,0.11982658170136509,0.12430874310874515,0.07742055474037234,0.11933853829747383,0.12034277776537992
0.0999901043367058,0.11095101428201175,0.14389726958391907,0.14475937904008054,0.1382064834015886,0.0740543544392169,0.14487482904979207,0.14326656586668535
0.05411461211266718,0.07066915228083427,0.17055415446945024,0.17398250666679135,0.15886407353629953,0.0262883249102216,0.1746363325094417,0.1708908435142941
0.23377921431338886,0.15180771923401978,0.047371845598178766,0.04642835488029725,0.04695169241109822,0.38117198190579904,0.04619016863326768,0.04629902302395029
0.09641698464352445,0.11384101977552173,0.1464555893107519,0.14544404274544723,0.15850880583981528,0.04565267579072065,0.1453447354651173,0.14833614642910142
0.19722991742262644,0.1716291275330447,0.09192805513888233,0.0905079528238845,0.09303739042975298,0.17477240201014507,0.0901645881537881,0.09073056648787599
0.07566507136914358,0.09249766568593724,0.15675589011879923,0.15690284231864315,0.16455070375540806,0.03786415118355863,0.15698438703073156,0.1587792885377786
0.070964336007279,0.08702655143359556,0.16005265584897987,0.16104830079245894,0.1605004379922836,0.03813137213274766,0.1612079755019317,0.16106837029072363
0.04203041262468393,0.022219943509222892,0.005683054322264014,0.005572673804140089,0.005543893150178789,0.907869685248311,0.0055442026883367555,0.005536134652862534
0.3759744457973748,0.1309404371995044,0.020067028587325522,0.0195759390627185,0.019483982543390385,0.39508261027157343,0.01945054375238606,0.01942501278572668
0.12070254244985013,0.12557512472256968,0.13151648852469194,0.13110297591033826,0.13529572363902015,0.09275499023786489,0.13103820072305564,0.13201395379260936
0.05033819209864901,0.06440354957609103,0.16648890602597216,0.1691865432978592,0.1822718925069079,0.023940244530564272,0.17009192749456545,0.17327874446939098
0.08241412780821034,0.10410558388332607,0.1565651423001102,0.15583049014279657,0.1527331098751499,0.03825378641092357,0.15545394944981955,0.15464381012966386
0.07817191549679729,0.09260453082889702,0.15408237919678183,0.15466432510298367,0.16578080575624388,0.04214395701212262,0.15496627498573642,0.1575858116204373
0.1124675395503597,0.11953029899025773,0.1357530808937797,0.13625493944901276,0.13243774555785887,0.09177305407006357,0.13634431021080448,0.1354390312778631
0.21578554734126815,0.08879823937762231,0.01634857410634723,0.015973951459066237,0.015916528867767135,0.6154378516613269,0.01587815628043526,0.01586115090616685
0.2311938100457131,0.11070119197485731,0.02366183435107613,0.023133470030444858,0.02324172272073377,0.5420468249548329,0.023000446261393078,0.023020699660948933
0.14694061531772548,0.06463577115565351,0.012632410379530272,0.012346391816436018,0.012238409964793338,0.7266936649840555,0.012271153590806294,0.01224158279099939
0.06805725010911985,0.08155138622031718,0.1584122732071246,0.16032391034891388,0.16976206861167067,0.037542070385670805,0.16100849683556379,0.16334254428161926
0.10006797119914973,0.11105723715387557,0.14385987742469386,0.14460580882543472,0.1378977615403642,0.07484565415442676,0.1446672301526044,0.1429984595494507
0.11227746557111924,0.12132043340527364,0.13692494574315275,0.13732213779654595,0.1302193412518261,0.08909700836724009,0.13730196270255784,0.13553670516228447
0.13806567690962646,0.18825906806052958,0.1272712664674968,0.12375720252299843,0.14065538473747574,0.031835935074519185,0.12316453142832452,0.12699093479902918
0.10247221241049906,0.1115942624364987,0.14157667004870855,0.14242063650731804,0.13906851966168657,0.07843165092070344,0.14260803227542948,0.14182801573915604
0.03750095439717476,0.05103623285013578,0.17103173433860666,0.17540853953357025,0.19160313619178443,0.015276905052261576,0.17697851593967856,0.18116398169678796
0.05101008773981475,0.023367334469036508,0.004916744609612881,0.004811937949092803,0.004763251775667482,0.9015744574393616,0.0047844985529965555,0.004771687464417386
0.5720374046275751,0.15901804707518946,0.019063857236153704,0.018564527027931505,0.01840288413356308,0.1760802354834683,0.018436950768481807,0.018396093647637023
