0.07465307696721098,0.07572613026528502,0.07578631699926214,0.07581256600266677,0.0762722585900509,0.07680247401765505,0.07683585320334906,0.07708304413262498,0.07756007049768306,0.07773616367721901,0.07853858711067617,0.07857903952729527,0.07861441900902151
0.07457370635828584,0.07571353787776831,0.07577418288677756,0.07580051148800324,0.07625124063894549,0.07675550291505215,0.07678711729199313,0.0770234095174894,0.0774990235897752,0.07768406945439657,0.07865547213248725,0.07871453802204197,0.07876768782698365
0.07146160066340869,0.07391089177238115,0.07404972381661325,0.07411033286518094,0.0751766835090256,0.07643038781515822,0.07651084469114097,0.07711366545295167,0.07832720827186201,0.07879838522015531,0.08123173672459093,0.08137513540205955,0.08150340379547182
0.07463399058116875,0.07568481492499012,0.07574458190416924,0.07577068439863154,0.07623026174111815,0.07676646020224955,0.07680052189331207,0.0770536421227743,0.0775488906603899,0.07773516935578682,0.07863050198185832,0.07867887255887937,0.0787216076746719
0.07429098268616725,0.07547292240844183,0.07554040095780859,0.07556987933767342,0.07609010289691868,0.07670219233119602,0.07674136650507628,0.07703411010496618,0.07761743906360836,0.07784133777133555,0.07897062847379463,0.07903543685154613,0.07909320061146692
0.07257975534447474,0.07458770619948571,0.07470124325170266,0.07475079458490275,0.07562152956161385,0.07663593471618353,0.0767003218302101,0.07717913046322598,0.07811639159653483,0.07846817619764393,0.08013488291047324,0.08022317785555373,0.08030095548799508
0.07425217619587361,0.07549364369782018,0.07556080920221679,0.0755900330100291,0.07609663265587097,0.07667791398843515,0.07671494548516047,0.07699319789568924,0.07756042272273038,0.07778458982665508,0.07901538665759475,0.07909433929963794,0.0791659093622864
0.07385899944858132,0.07524457314874171,0.07532356737178529,0.07535807020878796,0.0759666645215508,0.07668229771778534,0.07672803738397406,0.07706928648936001,0.07774504326813385,0.07800241114439692,0.07927206318530859,0.07934300150336725,0.0794059846082269
0.07359750144829526,0.07521501193864129,0.07530417032229333,0.0753429957870911,0.07601516829000034,0.07677396259117593,0.0768212903215736,0.07717046788360142,0.0778419527110084,0.07808979665828754,0.07922169754618007,0.07927829843337855,0.0793276860684732
0.07361477210296215,0.07510029661034,0.07518403854627627,0.07522058981245196,0.07586424089242404,0.07662501088035098,0.07667398907506251,0.0770407969715862,0.07777674442189929,0.07806165399856461,0.0795285696608889,0.07961563571277742,0.07969366131441571
0.07346282018041704,0.07511067942780181,0.07520079227956017,0.07524002641207053,0.07592094447917848,0.0766942675589245,0.07674285616268663,0.07710458394444943,0.07781890146368571,0.07809097390738581,0.07946094117573287,0.0795405161699644,0.07961169683814272
0.07443560173706561,0.07558331786147823,0.07564625982401069,0.07567367815483489,0.07615104837835626,0.07669985607865264,0.0767347628455622,0.07699668055678956,0.07752790206762616,0.0777366281374585,0.07886899004658512,0.07894036990388473,0.07900490440769543
0.07114854608379732,0.07371596907745312,0.07386147260713148,0.07392499679017693,0.07504578048911432,0.07637299273279996,0.07645850368369905,0.07710080140679335,0.07839942027483317,0.07890524166376374,0.08153665690951901,0.08169416318593285,0.0818354550949856
0.07310621834280265,0.07484531847207589,0.07494384109764521,0.07498687308500336,0.07574498574082338,0.07663232601579603,0.07668894308416539,0.0771105944491691,0.07794181366092788,0.07825778973413655,0.07982800372715312,0.07991702110614392,0.07999627148415778
0.07319151185853696,0.07503116084416651,0.07513314518668668,0.07517758313611039,0.07595053411024512,0.07682676668245927,0.0768812191243362,0.07728039047709333,0.07802568412695919,0.07829014348333191,0.07936228037218243,0.0794062678055265,0.07944331279236551
0.07426125947014357,0.07546381014077568,0.0755312698290253,0.07556071302008864,0.07607901676564324,0.07668969384392388,0.07672893394389854,0.07702247021721446,0.07760908358172348,0.07783557804508147,0.0790050698084706,0.07907510921598504,0.07913799211802613
0.07218953282253565,0.0743594167572753,0.07447902411460176,0.07453112530337165,0.07543972011243477,0.07649244468751862,0.0765596583333861,0.07706447166520063,0.07808923671514233,0.07849115966707083,0.08063912712172946,0.08077241639681777,0.08089266630291508
0.07410812779770765,0.07540630655941141,0.07547976991956575,0.07551183766533699,0.07607566085354577,0.07673184437777109,0.07677346556708357,0.07708306713860802,0.07768999585783767,0.07791844700896391,0.07901665258642934,0.07907612329980851,0.07912870136793036
0.07395954749333135,0.0753680121937332,0.07544481336500328,0.07547824449812689,0.07605773200464727,0.07671477715966221,0.07675607959146134,0.07706407215963842,0.07767633152512866,0.07791141654305649,0.07912022352151306,0.07919211763882882,0.07925663230586902
0.07320484114537158,0.07501476673808993,0.07511045140329409,0.07515201810655625,0.07586290322889948,0.07665035416989861,0.07669958897087245,0.07706660533973748,0.07780332048210417,0.07809191379360313,0.0796817020321942,0.07978423710731285,0.07987729748206583
0.07331817734932203,0.07505714786394481,0.07515054708481365,0.07519115570725636,0.0758902468129609,0.0766730002153502,0.07672198686565448,0.07708719193850144,0.0778155386841054,0.07809700423520469,0.07957826822727748,0.0796689865582171,0.07975074845739138
0.06951348572819122,0.07278328976699334,0.07296971076856854,0.0730511814128776,0.07449139270883705,0.07619468424910426,0.0763044535094948,0.0771281547784983,0.07879323257668125,0.07944425957908383,0.08290416189890348,0.08311580144937718,0.08330619157338928
0.07380958174558905,0.0752323005791631,0.07531288638446443,0.07534805923899711,0.07596618692197833,0.0766883794756343,0.07673438681233671,0.07707748122587223,0.07775671438432752,0.07801521592584174,0.07928513894517245,0.07935559347898327,0.07941807488163985
0.0735613618136044,0.07511605922197996,0.07520374081036836,0.07524199622814252,0.0759126345828018,0.07669017233796126,0.07673944773635913,0.077106306826805,0.07782903331808053,0.07810253048875987,0.07942934989375361,0.07950168909983578,0.07956567764154777
0.07061505955393459,0.0738989262483667,0.07407343231001359,0.07414915542189827,0.07543767627125918,0.07684649053609437,0.07693266231251583,0.07756173003338093,0.07873074599012879,0.07914437748289092,0.08080545160271124,0.08087345277852732,0.08093083945827817
0.06364366472073121,0.06920636386292459,0.06953133520038676,0.06967359674733072,0.07221336049428381,0.075286739272479,0.07548769472390876,0.07700796829190304,0.0801540361079134,0.08141196653091157,0.08836782783428257,0.08880865511176086,0.08920679110118357
0.07295914201367297,0.07477348128994132,0.07487368426261531,0.0749173733019573,0.07567968466075546,0.07655855659838269,0.07661459098648768,0.0770344640164326,0.07788450734106167,0.07821891797510705,0.08004929255161483,0.08016555487408017,0.08027075012789088
0.07430629296612058,0.07559730710131134,0.07566499434370297,0.07569438085303928,0.07619616370622471,0.07674995350106734,0.07678445674071534,0.07704120703454351,0.0775524084450874,0.07775071548918308,0.07882142681401963,0.07888949496242055,0.07895119804256422
0.07403399443593962,0.0754026498644794,0.07547871724044926,0.07551186025540949,0.07609016283095028,0.07675781027660956,0.07679998493038125,0.07711289963507918,0.07772135281392582,0.07794789521509161,0.07899568072723392,0.07904975908417217,0.0790972326902784
0.07377610731347106,0.07519443415031377,0.07527526933727594,0.07531057426802436,0.07593348288533114,0.07666617264671459,0.07671302314748388,0.07706310510981731,0.07775946573231643,0.07802586182874446,0.07935491667528634,0.07943026744251276,0.07949731946270802
0.074338052261505,0.07553934425986321,0.07560527299099225,0.07563400468218553,0.07613312073678222,0.07670277073435784,0.07673889482863745,0.07700882414087608,0.07755237073686061,0.07776535430945719,0.07892352090983601,0.07899634276489956,0.07906212664374722
0.06382239445651956,0.06985586963800103,0.0702015037867136,0.07035243661705942,0.07301000649612316,0.07610739673416388,0.0763038187186936,0.0777654477652299,0.08062540152283086,0.08169198358586494,0.08653007026189756,0.08676498979939384,0.08696868061750854
0.06879087868818304,0.07373216306775973,0.07397659210457348,0.07408202540874045,0.07580772414180197,0.07749855982809183,0.07759438359622187,0.07826465541840973,0.0793473669578287,0.07966886246076106,0.08040540378485796,0.08041363497619047,0.08041774956657996
0.07097901228990287,0.07384421214901142,0.07399842126369792,0.07406545915819158,0.07522095656887987,0.07653256949153658,0.07661534592559652,0.07723107336406591,0.07844734518550249,0.07891179992276837,0.08125196525138491,0.08138934622918656,0.08151249320027495
0.07264722096437966,0.07467983609799732,0.07479025883101875,0.07483832588145034,0.07567261734621906,0.07662684295742442,0.07668720010402534,0.07713648679249391,0.07802316725935955,0.07836153299294223,0.08008027964486349,0.0801823079980374,0.08027392312978845
0.07219904251245383,0.07442249543111683,0.07454439736095517,0.07459747500136646,0.07551877492012095,0.0765676054990411,0.07663372947418277,0.07712770355582267,0.078115536866638,0.07849705604926366,0.08047740764565031,0.08059609576387747,0.08070267991951084
0.07288653979033687,0.07469529638645446,0.07479808754835991,0.07484297689427907,0.0756335946759533,0.07656341267304824,0.0766230549682432,0.07706951851276901,0.07796580624905046,0.07831298589356608,0.08010149839729665,0.08020661681615142,0.08030061119449125
0.07429026569273331,0.07563967120898911,0.07571196845913664,0.07574337784193781,0.07627905098917313,0.07686298299863628,0.07689866276941426,0.07715968877664306,0.0776514628647028,0.07782935962207246,0.07860956347382027,0.07864616763692499,0.07867777766581599
0.07225935272380599,0.0743557447462369,0.07447417579902964,0.07452589185336597,0.07543549104022775,0.07650237892490631,0.07657083638375085,0.0770829371303834,0.07811080845963131,0.07851017677900735,0.08060247656689828,0.08072837187434403,0.08084135771841208
0.0716428876557269,0.07416551010048887,0.07430522383895198,0.07436612834608808,0.07542836810913225,0.076642139798681,0.0767183815429356,0.0772824871900149,0.07837124586078303,0.0787750827097546,0.08067090786211543,0.08077144993761133,0.08086018704771619
0.07358603785139126,0.07510094906231295,0.07518670492273868,0.07522413303951898,0.07588184570255672,0.07665138795457757,0.07670052544866682,0.07706774495426562,0.07780032717628957,0.07808163649230739,0.07949519885325526,0.07957584747858032,0.07964766106353884
0.07448957130974453,0.07560163442544501,0.07566463320306914,0.07569213303913745,0.07617554797512148,0.07674153084659255,0.07677763923601472,0.07704661171792601,0.07757750382025792,0.07777911153941186,0.07876553979946214,0.07882009220240478,0.07886845088541226
0.07396702381327083,0.07535328433786793,0.07542846431989053,0.0754611908217613,0.07602827794028226,0.07667351854872212,0.0767143649734415,0.07702014551983258,0.07763750566936897,0.0778795725821883,0.07919781853197311,0.07928152603418594,0.07935730690721467
0.07452902344980458,0.07562317594941434,0.07568374814767419,0.07571015421510481,0.07617103214246199,0.07670242210820159,0.07673626303793875,0.07699021818316545,0.07750597263937202,0.0777089445658626,0.0788125605403439,0.0788819179795469,0.07894456704110912
0.07349809376952973,0.0750507195795188,0.07513876854400504,0.07517720311861106,0.07585341098433458,0.07664651053562753,0.07669719156244315,0.07707586267404284,0.07782992075289312,0.07811874468062424,0.07955933688924925,0.07964086192043583,0.07971337498868464
0.07387317017112363,0.07528791064714192,0.07536558210590316,0.07539942055094441,0.07598894889231998,0.0766667250092505,0.07670976895953793,0.07703200982791959,0.07768016426390183,0.07793252108538234,0.07927431597210297,0.07935730228462916,0.07943216022984279
0.0647470115693905,0.07213601381294937,0.07251584792874334,0.07267991498886335,0.07538227669585215,0.07805872853201164,0.07820995727955936,0.07926243712780895,0.08091456535425419,0.08136813474000197,0.08147218999320824,0.08157568890778732,0.08167723306956952
0.07245190637144149,0.07448527199465897,0.0746006887909126,0.07465107763950102,0.07553800960099401,0.07657825812644722,0.07664469046061155,0.07714031323145158,0.0781220862189122,0.07849593633146909,0.08033251945283124,0.08043443138803454,0.08052481039273461
0.07163493265505876,0.07410638352716604,0.0742431264801609,0.07430273394087761,0.07533942543036379,0.07652204524234972,0.07659676229785088,0.07715338615560823,0.07826151529142089,0.07868927179754404,0.08092106705221647,0.0810547180556934,0.0811746320736892
0.07221679167079811,0.07444580855096107,0.07456964752312287,0.07462364910188776,0.07556805150037298,0.07665901457438393,0.07672801661322644,0.07723869478808569,0.07822398536170042,0.0785893065984754,0.08029272597185731,0.08038255128001102,0.08046175646511676
0.06882110439326239,0.07256513144612908,0.07277651064611987,0.07286874445955316,0.07448665863898422,0.07637105620443459,0.07649091604140638,0.0773828416833028,0.07913546028000586,0.07979625147020046,0.0829416095541289,0.08310841495729265,0.08325530022517949
0.0738667541716987,0.07524994508517623,0.0753286688435772,0.07536305716739133,0.07596917902128966,0.07668063901221474,0.07672611698553579,0.0770651832502477,0.07773649601638925,0.07799271213146024,0.07927066019674467,0.07934307836126452,0.07940750975701001
0.07450339475912982,0.07604007567767336,0.07611786903317984,0.07615150766422797,0.0767069371339276,0.07725665964714527,0.07728740668279595,0.07749643699619327,0.07755028586398788,0.07759700358388984,0.077644591339286,0.0777915253336105,0.07785630628495266
0.06677417866684579,0.07135295448133955,0.07161234974153982,0.07172562453486829,0.0737192352336824,0.07606018989455815,0.07621037287787277,0.07733244385943767,0.07957031846977164,0.08043208881936961,0.08482316873563107,0.08507915465180155,0.0853079200332816
0.0726896094737085,0.07466738186314874,0.07477599055323081,0.07482329463802774,0.07564404375359707,0.07657750237424946,0.07663644813511108,0.07707733915709934,0.07796572798652518,0.07831256518903855,0.08016627108071113,0.08028047134308525,0.08038335445246694
0.07329257607236406,0.07498961570030761,0.07508157580908843,0.07512159819047634,0.07581500745331048,0.0766059149753849,0.07665608804952452,0.07703223297953123,0.07779475480201826,0.07809481217217056,0.07973697046182668,0.0798418924247015,0.07993696090929549
0.07225154335640996,0.07434856479628124,0.07446778833877161,0.07451986221394089,0.07543699915738876,0.07651280295791688,0.07658169355273418,0.07709704479773004,0.07812996642142442,0.07852966500978147,0.0805910808507556,0.08071229675014951,0.08082069179671558
0.07073371679156953,0.0750946434749572,0.07529833518828365,0.07538570830735158,0.07676899156962441,0.07793530422491875,0.0779992168832109,0.07804751273613687,0.07806293271970105,0.07816561916530117,0.07848050001284883,0.07898073605213081,0.079046782873965
0.0728310567001746,0.07478058334817696,0.07488735744466947,0.07493386788737563,0.07573889441097342,0.07664837925407574,0.07670553603220101,0.07712978923659328,0.07796668977563402,0.07828718968342367,0.07993625459004183,0.08003360684505864,0.0801207947916019
0.06369727720764974,0.06919915045583762,0.06952395689239792,0.0696662353078411,0.07221883354837119,0.07532928033734118,0.07553274603717391,0.0770729860163058,0.08025069322994594,0.08151108336958227,0.08826815975014027,0.08867993573882908,0.0890496621085838
0.07373663516513815,0.07519047265865898,0.0752712345123386,0.07530645016928479,0.07592183800638994,0.07663256736327097,0.07667783385073601,0.0770173842841965,0.07770553651457794,0.07797561396829253,0.07943353328451065,0.07952443757819834,0.0796064626444065
0.07355927678439822,0.07508897924998921,0.07517385361437105,0.07521086115111435,0.07585909701343976,0.07661467699094589,0.076663037176114,0.07702586203002743,0.07775910175174537,0.07804571402444978,0.07957473655968116,0.07966960465381563,0.07975519899990818
0.07337212634788841,0.07553779424597443,0.07564253492515031,0.07568765231285637,0.07642159160469553,0.0771302567553586,0.07717012106720918,0.07745109743874899,0.07792131048327419,0.07806888875748284,0.07852298409104763,0.07853309226056747,0.07854054970974594
0.06845401943198624,0.07320111126504582,0.07344485217782613,0.07355040070977834,0.07531551407295108,0.07713993760522248,0.07724758968636956,0.07801710520283685,0.07935937480093208,0.07980502371350243,0.08143184921185578,0.0814915972536845,0.08154162486800896
0.07208763811178434,0.07431299466445697,0.07443439529047793,0.07448723954990748,0.07540398977473736,0.07646125189662606,0.07652888076080236,0.07703704177366871,0.07807569076958397,0.07848761915058221,0.0807539933338577,0.08089897948642953,0.08103028543708547
0.0736397301305408,0.07514853503559,0.07523115759703099,0.07526713748870732,0.07589220362257067,0.07660938854652657,0.07665505099661442,0.07699847613725763,0.07770189271572846,0.0779812310272308,0.07952887547293631,0.07962818194044281,0.07971813928882324
0.07303647738847027,0.07484397145413312,0.07494319822274326,0.07498642102952792,0.07573973299938838,0.07660854037330125,0.07666377258544438,0.07707688052950513,0.07790395687293591,0.07822395596799153,0.07989303516640438,0.07999440748198126,0.08008564992817324
0.07384220252687067,0.07529491046889808,0.07537498350774394,0.07540987332926259,0.07601855059388544,0.0767184890682993,0.07676272536826313,0.07709184227398536,0.07773829299736379,0.07798283360162128,0.07918897162851538,0.07925756840746968,0.0793187562278214
0.07180361815786715,0.07433855498191978,0.07447141777749554,0.0745290619992436,0.07551035011787811,0.07659047034057911,0.07665769350992147,0.07715796944031073,0.07815557422757048,0.07854273610879194,0.08062030047781345,0.0807516347863342,0.08087061807427443
0.07353965168225488,0.07511733076302583,0.07520369526561771,0.07524130780873972,0.07589532509424084,0.07664418283618725,0.07669163539449968,0.07704682100030345,0.07776134165991537,0.07803952998470329,0.07951804086794742,0.07960937920485912,0.07969175843770562
0.0732395499320505,0.07495494846886137,0.07504784955486755,0.07508827132405457,0.07578747769709407,0.07658366287231476,0.07663419664768349,0.07701387901320905,0.07779027440027639,0.078098505106314,0.07981300219122088,0.07992389367509178,0.08002448911696153
0.07305529580229779,0.07479052932631317,0.07488715602212924,0.07492931026228679,0.07566738351168042,0.07652960722464587,0.0765850823577136,0.07700182519820255,0.0778523806061381,0.07818973543921334,0.0800549548432955,0.08017433535908436,0.08028240404699948
0.0738257239718527,0.07529850898377347,0.07537989776809373,0.07541535313231476,0.07603058900248219,0.07672808518831391,0.07677182753104284,0.07709679528417439,0.07773654341767693,0.07797935990862086,0.0791810546945393,0.07924827659453089,0.07930798452258413
0.07251206446280366,0.07465696051056664,0.07477345489973249,0.07482412028496288,0.0756967791942303,0.07667997349257218,0.07674154671390246,0.07719771224561597,0.07808942209166592,0.0784254522232624,0.08004888855316067,0.08013755583147204,0.08021606949605244
0.07016608594685933,0.07319750271255362,0.07336907504046546,0.07344395943598582,0.07476273019499691,0.07631816067908517,0.07641808468486218,0.0771674267254634,0.07867517849747928,0.07925892680784372,0.08223967863165227,0.08241378719449019,0.08256940344826286
0.060916803334639405,0.06767993230988681,0.06807681991822954,0.06825054660447535,0.071353328304655,0.07511289291204762,0.07535834726108934,0.0772118976836799,0.08101335849219364,0.08251213626176071,0.09038605643877332,0.0908544126187708,0.0912734678597985
0.07188918650672257,0.07419300118683379,0.07432166216436349,0.07437778161423181,0.07535806996269748,0.07649029498029987,0.07656238321005418,0.07710139629507486,0.07818534656368556,0.07860764523236219,0.0808403190953306,0.08097566419234492,0.08109724899599857
0.07127574531240777,0.07384405600721478,0.0739900727648807,0.0740538509560366,0.07517761039136617,0.07649515664777137,0.07657929438213702,0.07720608346424879,0.0784425898342267,0.07891218071076539,0.08121802753556705,0.0813459442715063,0.08145938772187133
0.06302931328275492,0.06893557636385023,0.0692768821716139,0.06942609256933804,0.07207414937393558,0.0752516875966055,0.07545868366058689,0.07702535746986408,0.08027609738835297,0.08157836286155708,0.08877999335474225,0.08923728898956619,0.08965051491723221
0.0741420476268536,0.07540238420131547,0.07547399043490778,0.07550526323847058,0.07605656635046812,0.07670247943904616,0.07674368636289353,0.07705126136359923,0.07766125888253494,0.07789416418692184,0.07905838148457325,0.0791247139584705,0.07918380246994511
0.07265395880273548,0.0745770816657155,0.07468644850545125,0.07473420209093157,0.07557540551600626,0.07656406641650768,0.07662734410889313,0.07710063222318857,0.07804630444798447,0.07840991178757474,0.08024070502585534,0.08034536319409612,0.08043857621505991
0.06990445024047015,0.07023142419739424,0.07058999659662156,0.07566510732241923,0.07644029824498598,0.07813145693056671,0.07880925884252837,0.07889162538770818,0.07991402674571361,0.08013795761804739,0.08040431994578125,0.08042194843976411,0.08045812948799914
0.07178256046846987,0.07416234033194768,0.0742947589775824,0.07435250811902894,0.07536324780848586,0.07653191984002285,0.07660611977445905,0.07715963626850224,0.0782575932091228,0.07867795437598502,0.08081599132060936,0.08094149119816386,0.08105387830761994
0.0674762588894592,0.07188236614255092,0.07212882370609758,0.0722362603463508,0.07411000231298191,0.07626808157508826,0.07640476353837046,0.07742269633356881,0.07943593877275176,0.08020175123041019,0.08394635690965997,0.08415220104396505,0.08433449919874506
0.07417033648018667,0.0754147875779837,0.07548559383948608,0.07551651905004331,0.07606182622370178,0.07670121179237012,0.07674202499131416,0.07704680533252349,0.07765228449072652,0.0778838476611357,0.07904442005216156,0.0791106634640451,0.07916967904432166
0.07297090675867342,0.0748585623158474,0.07496338996445422,0.07500910637967659,0.07580789972877884,0.07672713835349951,0.07678510314344715,0.07721269464729368,0.07802992749313649,0.07833010496356389,0.07970112105060496,0.07977125325070003,0.07983279195032385
0.0707075975283835,0.07356435058532337,0.07372304831653782,0.07379223225003388,0.0749976941311704,0.07638176710051603,0.07646965529101317,0.07712759663603594,0.0784567827189993,0.07897720238693219,0.08176771642997416,0.08193972340180597,0.08209463322327432
0.07293560011036035,0.07476986114268305,0.0748700788108222,0.0749137231520011,0.07567322671831175,0.07654969549018324,0.076605667243325,0.07702606713860517,0.07788159935912264,0.07821926251905201,0.0800703006881665,0.08018877797093825,0.08029613965642866
0.069114476054583,0.07301877463191922,0.0732245500773081,0.07331387582456182,0.07483327130613769,0.07649809399528276,0.07660136357455583,0.07736443796526124,0.07885736014442397,0.07942747134807035,0.08240458688895136,0.0825880198468444,0.08275371834210014
0.04788737585277289,0.05841326345580855,0.05907505658918506,0.05936635703154524,0.06473620938210026,0.07165859184039561,0.07212710260227431,0.07573813765227473,0.08356306287633589,0.08681202611110869,0.10568083141508706,0.1069132800405027,0.10802870515060886
0.07164268002747527,0.0741508956766776,0.07428607924062715,0.07434488432984443,0.075360068072154,0.0765074380722699,0.07657980593884697,0.07712046336948108,0.07820626867505219,0.07862992471933619,0.08091713582338692,0.0810617298822707,0.08119262617257776
0.06501223245959718,0.07037065567862677,0.07067542025134124,0.07080847757245697,0.0731479622425264,0.07588997080824293,0.07606564361362796,0.077380661195426,0.08002059874239868,0.08104171347527693,0.0862398363121174,0.08653972333203677,0.08680710431632449
0.06498462337448621,0.07084291552760345,0.0711677937514855,0.07130933726498404,0.07377004741930109,0.07655864246718666,0.07673247576962094,0.07801017877841471,0.08041293490051915,0.08127211280448779,0.08483215360269195,0.08498714257608701,0.08511964176313162
0.07344081866592186,0.07562216842511862,0.07572779237152293,0.07577335800265253,0.07651541346716696,0.07723416067272978,0.07727466317446711,0.07755315267903647,0.0779779324332577,0.07809504594804122,0.07824809272836668,0.07826218540654861,0.07827521602516968
0.06399737583459968,0.06946646813834922,0.06978259230272178,0.06992082826082527,0.07237752574834277,0.07533601823567697,0.07552921959895097,0.07699181612160942,0.0800278907331711,0.08124577830518824,0.08802139679945992,0.08845526981676405,0.08884782010434081
0.07405778124359527,0.07578280652204188,0.07586702577687393,0.07590331211490496,0.07649877764857378,0.07709497156459369,0.07712923232543882,0.07737198184906134,0.07777839938596892,0.07790341968331414,0.0782013584140932,0.07820471484506653,0.0782062186264736
0.07204106844313991,0.0745472443724101,0.07468160520145906,0.07474002203107039,0.07573854104233017,0.07682523349911924,0.07689156534836862,0.07737534041817007,0.07827715127101188,0.07860087337490207,0.08002814569757809,0.08009678192353312,0.0801564273769071
0.05420006786364474,0.06298449090082178,0.06352542471933456,0.06376314311376653,0.06810602766921044,0.07359969978206893,0.07396651368959414,0.07676760520595527,0.0826634485575615,0.08503519023995278,0.09773572314320855,0.09848989840367178,0.09916276671120876
0.06846866023505317,0.07240179858700553,0.07262222204388383,0.07271838969571913,0.07440505931927173,0.07636461564765892,0.07648910832289284,0.07741446930316766,0.0792234056009238,0.07990295542972267,0.08315936985035227,0.08333652496880972,0.0834934209955387
0.06117339130363224,0.0681044754984831,0.06850323740491872,0.06867748551176295,0.07175289796642878,0.07536241265082934,0.07559386985146106,0.0773337459308341,0.0808750119714688,0.08226609678009877,0.08968287247051639,0.09013436500763591,0.09054013765192975
0.07285236632418471,0.07468718684451309,0.07479074945123396,0.07483594577642887,0.07562979039898769,0.07656096610399395,0.076620668645377,0.07706778006871076,0.07796717465922132,0.07831628103271082,0.080120791737298,0.08022743003900588,0.0803228689183341
0.06917744574302809,0.07308939849146273,0.07329944807684109,0.073390755625567,0.07495142724277086,0.07665445762938541,0.07675891748867998,0.07752556668525161,0.07898699857053454,0.07952586213092135,0.08208118739250167,0.08221850490972622,0.0823400300133293
0.06301446228973583,0.06924268915429042,0.0696015452408568,0.06975835498498667,0.07252646003445033,0.07577635362134051,0.07598408275987485,0.07753821703135826,0.08064434377623675,0.08183555802855966,0.08771596940188373,0.08803843481843285,0.08832352885799323
0.07351447703924917,0.07518836136857951,0.07527879150882551,0.07531810952277952,0.07599293934221846,0.07674177937809175,0.07678824748488446,0.07713240915582013,0.07780663056590659,0.07806176970747988,0.0793239815825703,0.07939478034761983,0.07945772299597495
0.07248943453240367,0.07453031719498143,0.07464607076555374,0.07469661220945223,0.075585645654092,0.07662301901997998,0.07668896614504833,0.07717909758553006,0.07813816052153236,0.07849865519263008,0.08021964882948218,0.08031162843220035,0.08039274391711375
0.07138260532436931,0.07389641993741584,0.07403663618060709,0.07409780233734004,0.0751712107803863,0.07643000528411416,0.07651083065454067,0.07711591317043089,0.07833003795133994,0.0788011989926942,0.08126451366659727,0.08141411949458247,0.08154870622558193
0.07155844338498973,0.07396406036320732,0.07410099438603152,0.07416082579243698,0.07521714430352255,0.07646069642791284,0.07654042898414017,0.07713632623058282,0.07832457802820512,0.078781940736828,0.08111962194260657,0.081256351354678,0.08137858806485831
0.06062371693098998,0.07279072950782915,0.07342634245016606,0.07370070617447269,0.07470018134057352,0.07536537919770218,0.07608261858329261,0.07813117230782422,0.08202138951110156,0.08220975597687818,0.08334257354538452,0.08361458001290452,0.08399085446088084
0.06597102233715042,0.07172259200748321,0.0720331653604561,0.07216807420188423,0.07447594478870245,0.07700579225561155,0.07715985725652891,0.07827765100292215,0.08029254691216377,0.08097303594575263,0.08325425726800016,0.08331168773273136,0.08335437293061296
0.054390484047624935,0.06381840661928244,0.06438246870101029,0.06462970901552284,0.06906483573748914,0.07443240447106947,0.07478186137564816,0.07741791852288464,0.08280258901112904,0.08491366490571742,0.09584488724103662,0.09647818936386383,0.0970425809877212
0.06225336061749281,0.06946538206322082,0.06986064614578799,0.07003254389022832,0.07298629558713086,0.0762640660551389,0.0764671606606064,0.07796644301469131,0.08086519646540487,0.08194411033629061,0.08703539584400669,0.08730868023074645,0.08755071908925402
0.06611028524470414,0.07139150865040873,0.07167865735124701,0.07180351781258532,0.07395111660074163,0.07634103953817117,0.07648948580039862,0.07759002661530609,0.0797447557946769,0.08055820435593139,0.08456206411862086,0.08478862661409091,0.08499071150311723
0.05404324297512307,0.06246282873302718,0.06298268179253125,0.06321124206979505,0.06739809223419566,0.07273483991824962,0.07309430760433422,0.07586353565235851,0.0818834556605474,0.08440301178369697,0.0996267572743401,0.10067164606361761,0.1016243582381834
0.06202137253298468,0.06847946300652757,0.06884910410261731,0.06901059928951712,0.07186489766785777,0.07524637361398856,0.07546504331801382,0.0771157123544106,0.08051638795636351,0.08187165509976768,0.08938543473616749,0.0898682292779986,0.09030572704378517
0.06594107689351508,0.0714898099239303,0.07179631667809049,0.07192980013893556,0.07424324634905567,0.07684240238640347,0.07700299174045241,0.07817362908990871,0.08031012146209966,0.08104374935184612,0.08366787596243007,0.08374797202722285,0.08381100799610958
0.07300596208685449,0.07475499509240204,0.07485482946489604,0.0748984372386476,0.07566815668176997,0.07657653730812258,0.0766348307223041,0.07707134726906978,0.07794656085102881,0.07828446377014064,0.08000510198289522,0.08010486878145344,0.08019390875041522
0.07162880213584465,0.07405714890781849,0.07419442311725029,0.0742543361918023,0.07530753313062723,0.07654051738387666,0.07661915902629274,0.07720494844091853,0.07835885100331338,0.0787954222513959,0.0809028174331308,0.08101737149753203,0.08111866948019714
0.06907496576635085,0.0729690665992125,0.07318504244609556,0.07327913027618366,0.07491301779218308,0.07675669226331461,0.07687095466069052,0.07770818058110805,0.07926760461691207,0.07981761949685884,0.08197566142927264,0.08205727066479877,0.08212479340701885
0.07341530952997194,0.07550273527389888,0.0756088127278162,0.07565466910956534,0.07641325654210895,0.07717825590076809,0.0772222055297014,0.07753068412756808,0.07803405437248521,0.07818295591622317,0.07839940747785497,0.07841968783868379,0.07843796565335402
0.0704905035429702,0.07364892532236259,0.07381955752466579,0.07389371780796518,0.0751683820952224,0.07659883619140825,0.07668816120026173,0.07734961877888097,0.07863804915073505,0.07912071277349275,0.08140978653800925,0.08153259825901023,0.0816411508150157
0.06156937035961238,0.06827317003867014,0.06865660200277185,0.06882409480284549,0.07177652854107174,0.07525126131081088,0.07547518067565438,0.07716246356079405,0.08063000261599497,0.08201023544613409,0.089650980756503,0.09013913284349218,0.09058097704564491
0.07518212327715679,0.07618331409696312,0.07623452746195337,0.07625668350769123,0.07662453408916294,0.07700026234439517,0.07702215690076321,0.07717769584866885,0.07744486655850959,0.0775307907173714,0.07777993097709156,0.07778151548760329,0.07778159873266936
0.07330082590618142,0.07495517567724133,0.07504794232453903,0.07508839620755227,0.07579747338031925,0.07662645890781841,0.07667943079482306,0.07707568770968114,0.07786810037594549,0.07817302663775243,0.0797104407474889,0.07979901171170756,0.07987802961894956
0.07019636696275826,0.07331306804842902,0.0734867071405486,0.07356242127443337,0.0748823153997731,0.07639494000401498,0.07649067726088557,0.07720505668627077,0.07863220256062582,0.07918391926555794,0.08205275348026769,0.08222335037221012,0.08237622154422493
0.0745118853309943,0.07564083089712112,0.07570462732496686,0.07573246777868788,0.0762207280669786,0.0767863376863087,0.07682206991484475,0.07708667361236163,0.07759849418659365,0.07778822600108501,0.0786602501565557,0.07870440301960101,0.07874300602390077
0.06741984103439622,0.07192790779828366,0.07217454575255564,0.07228195009572828,0.07414073307908926,0.07624046198227608,0.07637257815105315,0.07735523624163791,0.07930400525175638,0.08005508811187448,0.08400812755272787,0.08425050577835612,0.08446901917026499
0.07030585287736245,0.07326198543044939,0.07342738162478989,0.07349954806892092,0.07476720696048408,0.07625379877657537,0.07634941082031538,0.07706860316072855,0.07853510709176666,0.07911424959713143,0.08227779624551453,0.08247865728097382,0.08266040206498732
0.06464018763427125,0.06972157242499195,0.07001880781184584,0.07014892738558247,0.07247773703276675,0.07531537249079506,0.0755016091739623,0.07691556785935733,0.0798661093237353,0.08105374485262602,0.08769924043268998,0.08812695765611216,0.08851416592126335
0.04443345459332096,0.054489160229941803,0.055144982338292174,0.055434649463709906,0.060889906120446764,0.06829489984381851,0.06881317811554835,0.0728888816014939,0.08228333184150582,0.08644661619292769,0.11483963974411453,0.11701502192577783,0.11902627798910194
0.06453177540778911,0.07008612075023374,0.0704057045186108,0.07054534187368966,0.07301572733968331,0.07593341102065093,0.07612024484649586,0.07751839581486293,0.08030136853566854,0.08136074946218662,0.0864648442466867,0.08673785134487906,0.08697846483856261
0.05689499482234352,0.06553919016238484,0.06604799086398011,0.06627059667235193,0.07023197589172168,0.0749663677720779,0.07527215360433534,0.0775743610485545,0.08225010873144667,0.08406674805406693,0.09314537230067328,0.09364777015628253,0.09409236991978083
0.06369961872225566,0.06976413513223588,0.07010729665976087,0.07025702101839541,0.07288636406793922,0.07595866974406756,0.07615465341721964,0.07761740131711646,0.08051117252535127,0.08160806937073249,0.08687193798050516,0.08715618560604647,0.08740747443837385
0.07102652989015204,0.07382801397721261,0.0739816932280997,0.07404864398096687,0.07520857457532872,0.07652045137380907,0.07660294363567777,0.07721553619775073,0.07842474289772007,0.07888812711120041,0.0812809480270079,0.08142314434789973,0.08155065075717442
0.07111498105049574,0.07139068839755902,0.07169343956688524,0.07602132543072107,0.07668872700919996,0.07814261476960759,0.07850035046606244,0.07871275286694189,0.07878050774251351,0.07956695522863398,0.07979259029176423,0.07979747855721,0.07979758862240538
0.07244792296249553,0.07453131737922973,0.07464910371724923,0.07470051621143048,0.0756034364437827,0.07665165004326067,0.07671800386998727,0.07721019952267628,0.07816653258751674,0.07852280931810025,0.08018376331334477,0.08026967721759139,0.08034506741333493
0.07234865511512832,0.07437494674254058,0.07448801917356987,0.07453733851491479,0.07540284166954463,0.07642325634974341,0.07648925450150919,0.07698707862440708,0.07801252256849235,0.07842178901643404,0.08069607032329075,0.08084268232712119,0.08097554507330376
0.07350059321570258,0.07505170363466843,0.0751399688778731,0.0751785143362711,0.07585828992357464,0.07665712167561896,0.07670814368469099,0.0770888952039291,0.07784265417184452,0.07812940735437024,0.07953927687650807,0.07961784354982637,0.07968758749512173
0.072602259284419,0.07474190243956615,0.07485881548320025,0.0749096925028103,0.07578656553525787,0.07676646707692626,0.07682722866009142,0.07727401471564456,0.07812530552868617,0.07843653315008434,0.07982618076761754,0.07989336453791347,0.07995167031778254
0.07171465975649972,0.07418517378704385,0.07431871428570389,0.07437682531582356,0.07538305924888529,0.07653170255273595,0.07660449780196767,0.07714718868809049,0.07822661508411029,0.07864316309520286,0.08082612514355916,0.08096050614134653,0.0810817690990309
0.07283462004265445,0.07469080527971372,0.07479643466432608,0.07484257203207044,0.07565654415401198,0.07661268631231588,0.07667373801297385,0.07712883071295792,0.07802665302728486,0.07836720654925941,0.08003432080742712,0.08012678094229725,0.08020880746270695
0.073437509359154,0.07502992068509765,0.07512035508310726,0.07515984520395859,0.0758554483600324,0.0766687734205861,0.07672054035162791,0.07710616686146429,0.07786564100780026,0.07815308637752177,0.07955339857200197,0.07963049619470614,0.07969881852294161
0.07393482630860876,0.07573743029358651,0.07582187411935905,0.07585816101082639,0.07644360323529034,0.0770179732708987,0.07705123335062732,0.07728801183300667,0.0777017108459366,0.07784156735984749,0.07840749791341448,0.07843557542862165,0.07846053502997606
0.07397772531992508,0.0754447531558516,0.07552589418091255,0.07556125123282961,0.07617466872849234,0.07686537916044159,0.07690814628803051,0.07722035081538627,0.07779751575130528,0.07800063388314758,0.07881102129406606,0.07884299043215248,0.07886966975745904
0.051402771799238606,0.0622042068374209,0.06285760030447204,0.06314411271152831,0.06830490166081106,0.07459298964835183,0.07500221285972479,0.07808058997116323,0.08425106562707349,0.08659538833600719,0.09735384608642822,0.09787785964042957,0.09833245451735079
0.0738021948068995,0.0753384729544019,0.07542264714558014,0.07545927870207705,0.07609422584992205,0.07681600602445011,0.07686107646999149,0.07719283290255682,0.07782108365836465,0.07804773957362174,0.07900695032944678,0.07905018714501016,0.07908730443767767
0.07431372070580747,0.07591736831568059,0.07599472912131452,0.07602799898774075,0.07656819651864538,0.07710215558700315,0.07713265086047419,0.07734775952323808,0.07770490698383263,0.07781316204418759,0.07801783590330369,0.0780262657195825,0.07803324972918953
0.04918210939346401,0.05887324814550736,0.059488340455387784,0.05975932961598594,0.06478367836043365,0.0713614344340716,0.0718108232856566,0.07529215476001223,0.08295481021785771,0.08618646661836744,0.10551940887890138,0.10680952140801689,0.10797867442633738
0.06195158441285479,0.07026460944090435,0.07071939883203784,0.07091714634725435,0.0742927560597074,0.07787555009057033,0.0780867318467479,0.07958253617693628,0.08204206310161263,0.08276473071951786,0.08374028058269083,0.08383684529497842,0.08392576709418718
0.04912207396277514,0.05007975811868486,0.05116000041440389,0.07050557748791271,0.07421535938932419,0.08119002311989555,0.08290195646539768,0.08643913722732148,0.08685926330092046,0.0914689645443094,0.09188337708861356,0.09205768952557654,0.0921168193548644
0.07234673945727871,0.07442689091628761,0.07454362509763275,0.07459458616771107,0.07548957222681127,0.07653280368201189,0.07659947431581217,0.07709739891655491,0.07809126797856146,0.07847554990176665,0.08048365373440515,0.08060480063899726,0.0807136369661691
0.062112971341676454,0.06940750631447809,0.06981193303722348,0.06998797512872391,0.07303201567778263,0.0764577951577486,0.0766709071841602,0.07823883491545333,0.08120973762334088,0.08228068402606936,0.08674463994800911,0.08693931216226149,0.08710568748307233
0.07349463513989615,0.075069676416547,0.0751567645620107,0.07519472643513782,0.0758568692978126,0.07661855775320753,0.07666697380908141,0.07702985976198336,0.07776395787413377,0.07805171254128906,0.07960491697699586,0.0797019023495094,0.07978944708239546
0.030398319345081946,0.04862195802316491,0.049989742926820215,0.050599901798749285,0.0626704208601776,0.07975192921667036,0.08091875468165902,0.08972068628892592,0.0953063578780185,0.09731594275961805,0.09946310316156702,0.10552483528025396,0.1097180477792933
0.06825918177470035,0.07224536794320122,0.07246682150692851,0.07256339521705617,0.07425185302644063,0.07621092294960635,0.07633601291499892,0.0772697521053598,0.07913076848865097,0.07984925138916338,0.0835870733102954,0.08381313639673188,0.08401646297686638
